300434064623310
300434064410770
300434064615360
300434064518820
300434064521020
300434064616480
300434063988670
300434064318670
300434063783930
300434064421250
300434063786760
300434064818010
300434064326630
300434064511970
300434064510010
300434064515660
300434064516290
300434064622840
300434064613560
300434064629100
300434064613460
300434064613020
300434064725530
300434064518870
300434064521280
300434064610980
300434064327380
301434061191730
300434064323770
300434064423950
300434064816160
300434064410910
300434064329790
300434064528230
300434064318810
300434064514970
300434064314730
300434064419530
300434064425430
300434064421160
300434064525840
300434063788720
300434064619960
300434064327800
300434064710250
301434061285360
300434064416570
300434064810180
300434064518650
300434064616300
300434064621760
300434064819090
301434061191720
300434064715580
300434064728650
300434064424000
300434064612240
300434064724970
300434064412980
300434064510920
300434064622010
300434064313590
300434064417540
300434064417150
300434064526070
300434064723840
300434064429120
300434064724380
300434064719720
300434064312690
300434064416220
300434064514440
300434064719460
300434064328500
300434064726820
300434064311700
300434064510190
300434064512570
300434064521620
300434064517170
300434064418740
300434063784520
300434064419570
300434064628800
300434064410420
300434064816040
300434064719810
300434064723580
300434064516960
300434064710040
300434064714020
300434064613010
300434064413330